5561.54 1571.74 1286.32 1096.57 1563.10 2293.23 2383.52 704.24
5005.09 1153.66 1528.28 817.18 1220.92 1567.87 1608.97 520.49
3155.40 1137.22 1097.41 574.84 808.88 1062.31 946.38 304.28
2974.76 1137.11 1250.87 471.65 769.79 931.33 1041.91 228.53
3553.48 1616.56 1028.19 672.64 869.71 1191.70 1383.53 512.81
4378.14 1187.41 1270.95 507.40 913.13 1295.70 1145.46 533.29
3307.14 1259.62 1285.28 510.49 914.47 954.96 1071.80 425.30
3128.10 1217.04 941.25 494.49 864.89 749.05 906.19 321.95
7108.62 1520.61 1646.19 1182.24 755.29 3373.19 2874.54 937.21
4544.64 1166.91 1042.10 813.45 794.63 1357.96 1799.75 458.10
5522.56 1546.46 1333.69 713.31 933.11 2392.63 2195.58 520.95
3905.05 1010.61 988.12 579.59 633.93 920.77 1160.14 325.82
5078.85 1105.31 1300.10 722.17 540.63 1777.06 1453.18 523.83
3633.05 969.58 851.15 623.17 483.96 872.57 945.99 337.91
3699.42 1394.11 1247.04 806.35 799.79 1410.45 1277.43 372.01
3079.82 1141.76 963.59 633.32 790.87 915.12 988.95 324.03
3996.27 1099.16 914.26 604.40 675.32 890.12 1037.24 260.74
3970.42 1090.72 960.82 674.84 790.95 971.05 1110.11 376.62
5866.91 975.06 1748.16 947.54 836.39 262308 1936.38 594.45
4082.99 772.28 891.33 603.84 529.36 1376.03 1081.54 290.04
4226.90 491.84 1106.39 565.51 536.40 1303.50 930.84 247.08
4418.34 1294.30 1096.82 842.09 878.25 1044.36 1267.03 305.60
4255.48 1042.45 819.28 590.51 564.93 1121.45 947.01 338.03
3597.94 851.50 836.54 525.70 471.39 871.15 934.73 260.27
4272.29 1026.50 739.20 331.94 606.86 1216.46 732.95 150.42
4262.77 1011.82 634.94 310.22 317.08 966.74 419.59 400.38
3586.13 1047.61 1007.68 618.16 862.70 967.52 1281.58 400.68
3183.79 1022.62 846.26 546.23 654.82 817.17 936.33 301.40
3315.94 945.14 802.73 538.54 610.02 787.63 880.86 311.72
3352.83 1178.88 1069.15 596.81 816.87 1096.32 1043.72 403.71
3235.77 1245.02 781.30 535.31 643.48 1003.89 812.36 411.63